[gd_scene load_steps=9 format=2]

[ext_resource path="res://Objects/Tree.tscn" type="PackedScene" id=1]
[ext_resource path="res://MainCam.tscn" type="PackedScene" id=2]
[ext_resource path="res://Levels/World.gd" type="Script" id=3]
[ext_resource path="res://UI/UI.tscn" type="PackedScene" id=4]
[ext_resource path="res://Objects/RockWithMine.tscn" type="PackedScene" id=5]

[sub_resource type="SpatialMaterial" id=1]
albedo_color = Color( 0, 0.34902, 0.0862745, 1 )

[sub_resource type="CubeMesh" id=2]
material = SubResource( 1 )

[sub_resource type="ConvexPolygonShape" id=3]
points = PoolVector3Array( -1, -1, -1, 1, 1, 1, 1, -1, 1, 1, 1, -1, -1, 1, 1, 1, -1, -1, -1, -1, 1, -1, 1, -1 )

[node name="World" type="Spatial"]
script = ExtResource( 3 )

[node name="UI" parent="." instance=ExtResource( 4 )]

[node name="MeshInstance" type="MeshInstance" parent="."]
transform = Transform( 12.9213, 0, 0, 0, 0.0884558, 0, 0, 0, 12.9213, 0.153932, -0.207608, 0.015588 )
mesh = SubResource( 2 )
skeleton = NodePath("")
material/0 = null

[node name="StaticBody" type="StaticBody" parent="MeshInstance"]

[node name="CollisionShape" type="CollisionShape" parent="MeshInstance/StaticBody"]
shape = SubResource( 3 )

[node name="Camera" parent="." instance=ExtResource( 2 )]

[node name="DirectionalLight" type="DirectionalLight" parent="."]
transform = Transform( 0.988993, -0.0237436, 0.146048, -0.145202, -0.345595, 0.927082, 0.0284611, -0.938083, -0.345239, 0, 4.39028, -0.842316 )
visible = false
shadow_enabled = true
shadow_bias = 0.0
shadow_contact = 0.174

[node name="Tree" parent="." instance=ExtResource( 1 )]
transform = Transform( 1, 0, 0, 0, 1, 0, 0, 0, 1, -4.46386, -0.161242, 4.65456 )

[node name="Tree2" parent="." instance=ExtResource( 1 )]
transform = Transform( 1, 0, 0, 0, 1, 0, 0, 0, 1, -4.59864, -0.135291, 3.2206 )

[node name="Tree3" parent="." instance=ExtResource( 1 )]
transform = Transform( 1, 0, 0, 0, 1, 0, 0, 0, 1, -3.07815, -0.160284, 3.57739 )

[node name="Tree4" parent="." instance=ExtResource( 1 )]
transform = Transform( 1, 0, 0, 0, 1, 0, 0, 0, 1, 6.17891, -0.160284, 3.69184 )

[node name="Tree5" parent="." instance=ExtResource( 1 )]
transform = Transform( 1, 0, 0, 0, 1, 0, 0, 0, 1, 6.17891, -0.160284, -6.93426 )

[node name="Tree6" parent="." instance=ExtResource( 1 )]
transform = Transform( 1, 0, 0, 0, 1, 0, 0, 0, 1, 7.17801, -0.160284, -5.62233 )

[node name="OmniLight" type="OmniLight" parent="."]
transform = Transform( 1, 0, 0, 0, 1, 0, 0, 0, 1, 7.30951, 12.0722, -7.5937 )
light_color = Color( 0.956863, 0.980392, 0.235294, 1 )
light_energy = 3.459
shadow_enabled = true
omni_range = 34.7012

[node name="EnemyTimer" type="Timer" parent="."]
wait_time = 5.0
autostart = true

[node name="RockWithMine" parent="EnemyTimer" instance=ExtResource( 5 )]
transform = Transform( 0.781716, 0, 0.623634, 0, 1, 0, -0.623634, 0, 0.781716, 8.73628, -0.0788774, 0.0969515 )

[node name="RockWithMine2" parent="EnemyTimer" instance=ExtResource( 5 )]
transform = Transform( -0.32101, 0, -0.947076, 0, 1, 0, 0.947076, 0, -0.32101, 1.46773, -0.078877, -7.44489 )

[node name="RockWithMine" parent="." instance=ExtResource( 5 )]
transform = Transform( 0.805049, 0, -0.593208, 0, 1, 0, 0.593208, 0, 0.805049, -4.09912, -0.077857, -1.94065 )

[connection signal="timeout" from="EnemyTimer" to="." method="_on_Timer_timeout"]
